	S	I0	M1	D1	I1	M2	D2	I2	M3	D3	I3	E
S	0.000	0.000	1.000	0.000	0.000	0.000	0.000	0.000	0.000	0.000	0.000	0.000
I0	0.000	0.000	0.000	0.000	0.000	0.000	0.000	0.000	0.000	0.000	0.000	0.000
M1	0.000	0.000	0.000	0.000	0.000	0.875	0.125	0.000	0.000	0.000	0.000	0.000
D1	0.000	0.000	0.000	0.000	0.000	0.000	0.000	0.000	0.000	0.000	0.000	0.000
I1	0.000	0.000	0.000	0.000	0.000	0.000	0.000	0.000	0.000	0.000	0.000	0.000
M2	0.000	0.000	0.000	0.000	0.000	0.000	0.000	0.000	0.857	0.143	0.000	0.000
D2	0.000	0.000	0.000	0.000	0.000	0.000	0.000	0.000	1.000	0.000	0.000	0.000
I2	0.000	0.000	0.000	0.000	0.000	0.000	0.000	0.000	0.000	0.000	0.000	0.000
M3	0.000	0.000	0.000	0.000	0.000	0.000	0.000	0.000	0.000	0.000	0.000	1.000
D3	0.000	0.000	0.000	0.000	0.000	0.000	0.000	0.000	0.000	0.000	0.000	1.000
I3	0.000	0.000	0.000	0.000	0.000	0.000	0.000	0.000	0.000	0.000	0.000	0.000
E	0.000	0.000	0.000	0.000	0.000	0.000	0.000	0.000	0.000	0.000	0.000	0.000
--------
	A	B	C	D	E
S	0.000	0.000	0.000	0.000	0.000
I0	0.000	0.000	0.000	0.000	0.000
M1	0.000	0.000	0.000	0.000	1.000
D1	0.000	0.000	0.000	0.000	0.000
I1	0.000	0.000	0.000	0.000	0.000
M2	0.000	0.857	0.000	0.000	0.143
D2	0.000	0.000	0.000	0.000	0.000
I2	0.000	0.000	0.000	0.000	0.000
M3	0.143	0.000	0.000	0.714	0.143
D3	0.000	0.000	0.000	0.000	0.000
I3	0.000	0.000	0.000	0.000	0.000
E	0.000	0.000	0.000	0.000	0.000
