	S	I0	M1	D1	I1	M2	D2	I2	M3	D3	I3	E
S	0.000	0.010	0.819	0.172	0.000	0.000	0.000	0.000	0.000	0.000	0.000	0.000
I0	0.000	0.333	0.333	0.333	0.000	0.000	0.000	0.000	0.000	0.000	0.000	0.000
M1	0.000	0.000	0.000	0.000	0.010	0.786	0.204	0.000	0.000	0.000	0.000	0.000
D1	0.000	0.000	0.000	0.000	0.010	0.981	0.010	0.000	0.000	0.000	0.000	0.000
I1	0.000	0.000	0.000	0.000	0.333	0.333	0.333	0.000	0.000	0.000	0.000	0.000
M2	0.000	0.000	0.000	0.000	0.000	0.000	0.000	0.010	0.981	0.010	0.000	0.000
D2	0.000	0.000	0.000	0.000	0.000	0.000	0.000	0.010	0.981	0.010	0.000	0.000
I2	0.000	0.000	0.000	0.000	0.000	0.000	0.000	0.333	0.333	0.333	0.000	0.000
M3	0.000	0.000	0.000	0.000	0.000	0.000	0.000	0.000	0.000	0.000	0.010	0.990
D3	0.000	0.000	0.000	0.000	0.000	0.000	0.000	0.000	0.000	0.000	0.500	0.500
I3	0.000	0.000	0.000	0.000	0.000	0.000	0.000	0.000	0.000	0.000	0.500	0.500
E	0.000	0.000	0.000	0.000	0.000	0.000	0.000	0.000	0.000	0.000	0.000	0.000
--------
	A	B	C	D	E
S	0.000	0.000	0.000	0.000	0.000
I0	0.200	0.200	0.200	0.200	0.200
M1	0.771	0.010	0.010	0.200	0.010
D1	0.000	0.000	0.000	0.000	0.000
I1	0.200	0.200	0.200	0.200	0.200
M2	0.200	0.010	0.010	0.771	0.010
D2	0.000	0.000	0.000	0.000	0.000
I2	0.200	0.200	0.200	0.200	0.200
M3	0.803	0.010	0.168	0.010	0.010
D3	0.000	0.000	0.000	0.000	0.000
I3	0.200	0.200	0.200	0.200	0.200
E	0.000	0.000	0.000	0.000	0.000
