	S	I0	M1	D1	I1	M2	D2	I2	M3	D3	I3	M4	D4	I4	M5	D5	I5	M6	D6	I6	M7	D7	I7	M8	D8	I8	M9	D9	I9	E
S	0.000	0.010	0.981	0.010	0.000	0.000	0.000	0.000	0.000	0.000	0.000	0.000	0.000	0.000	0.000	0.000	0.000	0.000	0.000	0.000	0.000	0.000	0.000	0.000	0.000	0.000	0.000	0.000	0.000	0.000
I0	0.000	0.333	0.333	0.333	0.000	0.000	0.000	0.000	0.000	0.000	0.000	0.000	0.000	0.000	0.000	0.000	0.000	0.000	0.000	0.000	0.000	0.000	0.000	0.000	0.000	0.000	0.000	0.000	0.000	0.000
M1	0.000	0.000	0.000	0.000	0.010	0.786	0.204	0.000	0.000	0.000	0.000	0.000	0.000	0.000	0.000	0.000	0.000	0.000	0.000	0.000	0.000	0.000	0.000	0.000	0.000	0.000	0.000	0.000	0.000	0.000
D1	0.000	0.000	0.000	0.000	0.333	0.333	0.333	0.000	0.000	0.000	0.000	0.000	0.000	0.000	0.000	0.000	0.000	0.000	0.000	0.000	0.000	0.000	0.000	0.000	0.000	0.000	0.000	0.000	0.000	0.000
I1	0.000	0.000	0.000	0.000	0.333	0.333	0.333	0.000	0.000	0.000	0.000	0.000	0.000	0.000	0.000	0.000	0.000	0.000	0.000	0.000	0.000	0.000	0.000	0.000	0.000	0.000	0.000	0.000	0.000	0.000
M2	0.000	0.000	0.000	0.000	0.000	0.000	0.000	0.010	0.981	0.010	0.000	0.000	0.000	0.000	0.000	0.000	0.000	0.000	0.000	0.000	0.000	0.000	0.000	0.000	0.000	0.000	0.000	0.000	0.000	0.000
D2	0.000	0.000	0.000	0.000	0.000	0.000	0.000	0.010	0.010	0.981	0.000	0.000	0.000	0.000	0.000	0.000	0.000	0.000	0.000	0.000	0.000	0.000	0.000	0.000	0.000	0.000	0.000	0.000	0.000	0.000
I2	0.000	0.000	0.000	0.000	0.000	0.000	0.000	0.333	0.333	0.333	0.000	0.000	0.000	0.000	0.000	0.000	0.000	0.000	0.000	0.000	0.000	0.000	0.000	0.000	0.000	0.000	0.000	0.000	0.000	0.000
M3	0.000	0.000	0.000	0.000	0.000	0.000	0.000	0.000	0.000	0.000	0.010	0.981	0.010	0.000	0.000	0.000	0.000	0.000	0.000	0.000	0.000	0.000	0.000	0.000	0.000	0.000	0.000	0.000	0.000	0.000
D3	0.000	0.000	0.000	0.000	0.000	0.000	0.000	0.000	0.000	0.000	0.010	0.981	0.010	0.000	0.000	0.000	0.000	0.000	0.000	0.000	0.000	0.000	0.000	0.000	0.000	0.000	0.000	0.000	0.000	0.000
I3	0.000	0.000	0.000	0.000	0.000	0.000	0.000	0.000	0.000	0.000	0.333	0.333	0.333	0.000	0.000	0.000	0.000	0.000	0.000	0.000	0.000	0.000	0.000	0.000	0.000	0.000	0.000	0.000	0.000	0.000
M4	0.000	0.000	0.000	0.000	0.000	0.000	0.000	0.000	0.000	0.000	0.000	0.000	0.000	0.010	0.786	0.204	0.000	0.000	0.000	0.000	0.000	0.000	0.000	0.000	0.000	0.000	0.000	0.000	0.000	0.000
D4	0.000	0.000	0.000	0.000	0.000	0.000	0.000	0.000	0.000	0.000	0.000	0.000	0.000	0.333	0.333	0.333	0.000	0.000	0.000	0.000	0.000	0.000	0.000	0.000	0.000	0.000	0.000	0.000	0.000	0.000
I4	0.000	0.000	0.000	0.000	0.000	0.000	0.000	0.000	0.000	0.000	0.000	0.000	0.000	0.333	0.333	0.333	0.000	0.000	0.000	0.000	0.000	0.000	0.000	0.000	0.000	0.000	0.000	0.000	0.000	0.000
M5	0.000	0.000	0.000	0.000	0.000	0.000	0.000	0.000	0.000	0.000	0.000	0.000	0.000	0.000	0.000	0.000	0.010	0.738	0.252	0.000	0.000	0.000	0.000	0.000	0.000	0.000	0.000	0.000	0.000	0.000
D5	0.000	0.000	0.000	0.000	0.000	0.000	0.000	0.000	0.000	0.000	0.000	0.000	0.000	0.000	0.000	0.000	0.010	0.010	0.981	0.000	0.000	0.000	0.000	0.000	0.000	0.000	0.000	0.000	0.000	0.000
I5	0.000	0.000	0.000	0.000	0.000	0.000	0.000	0.000	0.000	0.000	0.000	0.000	0.000	0.000	0.000	0.000	0.333	0.333	0.333	0.000	0.000	0.000	0.000	0.000	0.000	0.000	0.000	0.000	0.000	0.000
M6	0.000	0.000	0.000	0.000	0.000	0.000	0.000	0.000	0.000	0.000	0.000	0.000	0.000	0.000	0.000	0.000	0.000	0.000	0.000	0.657	0.333	0.010	0.000	0.000	0.000	0.000	0.000	0.000	0.000	0.000
D6	0.000	0.000	0.000	0.000	0.000	0.000	0.000	0.000	0.000	0.000	0.000	0.000	0.000	0.000	0.000	0.000	0.000	0.000	0.000	0.010	0.981	0.010	0.000	0.000	0.000	0.000	0.000	0.000	0.000	0.000
I6	0.000	0.000	0.000	0.000	0.000	0.000	0.000	0.000	0.000	0.000	0.000	0.000	0.000	0.000	0.000	0.000	0.000	0.000	0.000	0.010	0.981	0.010	0.000	0.000	0.000	0.000	0.000	0.000	0.000	0.000
M7	0.000	0.000	0.000	0.000	0.000	0.000	0.000	0.000	0.000	0.000	0.000	0.000	0.000	0.000	0.000	0.000	0.000	0.000	0.000	0.000	0.000	0.000	0.010	0.786	0.204	0.000	0.000	0.000	0.000	0.000
D7	0.000	0.000	0.000	0.000	0.000	0.000	0.000	0.000	0.000	0.000	0.000	0.000	0.000	0.000	0.000	0.000	0.000	0.000	0.000	0.000	0.000	0.000	0.333	0.333	0.333	0.000	0.000	0.000	0.000	0.000
I7	0.000	0.000	0.000	0.000	0.000	0.000	0.000	0.000	0.000	0.000	0.000	0.000	0.000	0.000	0.000	0.000	0.000	0.000	0.000	0.000	0.000	0.000	0.333	0.333	0.333	0.000	0.000	0.000	0.000	0.000
M8	0.000	0.000	0.000	0.000	0.000	0.000	0.000	0.000	0.000	0.000	0.000	0.000	0.000	0.000	0.000	0.000	0.000	0.000	0.000	0.000	0.000	0.000	0.000	0.000	0.000	0.010	0.981	0.010	0.000	0.000
D8	0.000	0.000	0.000	0.000	0.000	0.000	0.000	0.000	0.000	0.000	0.000	0.000	0.000	0.000	0.000	0.000	0.000	0.000	0.000	0.000	0.000	0.000	0.000	0.000	0.000	0.010	0.981	0.010	0.000	0.000
I8	0.000	0.000	0.000	0.000	0.000	0.000	0.000	0.000	0.000	0.000	0.000	0.000	0.000	0.000	0.000	0.000	0.000	0.000	0.000	0.000	0.000	0.000	0.000	0.000	0.000	0.333	0.333	0.333	0.000	0.000
M9	0.000	0.000	0.000	0.000	0.000	0.000	0.000	0.000	0.000	0.000	0.000	0.000	0.000	0.000	0.000	0.000	0.000	0.000	0.000	0.000	0.000	0.000	0.000	0.000	0.000	0.000	0.000	0.000	0.010	0.990
D9	0.000	0.000	0.000	0.000	0.000	0.000	0.000	0.000	0.000	0.000	0.000	0.000	0.000	0.000	0.000	0.000	0.000	0.000	0.000	0.000	0.000	0.000	0.000	0.000	0.000	0.000	0.000	0.000	0.500	0.500
I9	0.000	0.000	0.000	0.000	0.000	0.000	0.000	0.000	0.000	0.000	0.000	0.000	0.000	0.000	0.000	0.000	0.000	0.000	0.000	0.000	0.000	0.000	0.000	0.000	0.000	0.000	0.000	0.000	0.500	0.500
E	0.000	0.000	0.000	0.000	0.000	0.000	0.000	0.000	0.000	0.000	0.000	0.000	0.000	0.000	0.000	0.000	0.000	0.000	0.000	0.000	0.000	0.000	0.000	0.000	0.000	0.000	0.000	0.000	0.000	0.000
--------
	A	B	C	D	E	F
S	0.000	0.000	0.000	0.000	0.000	0.000
I0	0.167	0.167	0.167	0.167	0.167	0.167
M1	0.953	0.009	0.009	0.009	0.009	0.009
D1	0.000	0.000	0.000	0.000	0.000	0.000
I1	0.167	0.167	0.167	0.167	0.167	0.167
M2	0.009	0.009	0.481	0.245	0.009	0.245
D2	0.000	0.000	0.000	0.000	0.000	0.000
I2	0.167	0.167	0.167	0.167	0.167	0.167
M3	0.245	0.009	0.009	0.717	0.009	0.009
D3	0.000	0.000	0.000	0.000	0.000	0.000
I3	0.167	0.167	0.167	0.167	0.167	0.167
M4	0.198	0.009	0.009	0.009	0.764	0.009
D4	0.000	0.000	0.000	0.000	0.000	0.000
I4	0.167	0.167	0.167	0.167	0.167	0.167
M5	0.009	0.009	0.009	0.009	0.009	0.953
D5	0.000	0.000	0.000	0.000	0.000	0.000
I5	0.167	0.167	0.167	0.167	0.167	0.167
M6	0.638	0.009	0.009	0.324	0.009	0.009
D6	0.000	0.000	0.000	0.000	0.000	0.000
I6	0.481	0.009	0.481	0.009	0.009	0.009
M7	0.575	0.009	0.198	0.009	0.009	0.198
D7	0.000	0.000	0.000	0.000	0.000	0.000
I7	0.167	0.167	0.167	0.167	0.167	0.167
M8	0.009	0.009	0.245	0.717	0.009	0.009
D8	0.000	0.000	0.000	0.000	0.000	0.000
I8	0.167	0.167	0.167	0.167	0.167	0.167
M9	0.009	0.009	0.387	0.009	0.009	0.575
D9	0.000	0.000	0.000	0.000	0.000	0.000
I9	0.167	0.167	0.167	0.167	0.167	0.167
E	0.000	0.000	0.000	0.000	0.000	0.000
