20
0.00 0.56 0.49 1.30 1.49 0.31 1.29 0.95 0.75 1.19 0.87 0.92 1.56 1.43 0.62 0.42 0.36 1.21 1.25 0.77
0.56 0.00 0.75 1.38 0.52 0.17 0.91 0.65 0.35 0.75 0.84 0.66 1.57 1.25 1.04 0.98 0.79 0.99 0.87 0.66
0.49 0.75 0.00 1.02 1.22 0.60 1.30 1.28 0.92 1.50 0.87 1.09 1.30 1.05 0.73 0.53 0.48 0.88 1.33 1.02
1.30 1.38 1.02 0.00 1.33 1.37 1.14 1.29 1.42 0.67 0.86 1.05 0.39 0.93 1.43 1.33 1.28 0.73 0.60 0.96
1.49 0.52 1.22 1.33 0.00 0.92 0.62 0.83 0.64 0.70 1.11 0.93 1.11 0.82 1.35 1.41 1.21 1.01 0.65 0.94
0.31 0.17 0.60 1.37 0.92 0.00 1.19 0.72 0.32 0.86 0.79 0.60 1.37 1.38 0.86 0.70 0.86 1.16 1.06 0.62
1.29 0.91 1.30 1.14 0.62 1.19 0.00 0.32 0.85 0.86 0.42 1.49 1.37 1.52 1.19 1.66 0.96 1.22 0.70 1.76
0.95 0.65 1.28 1.29 0.83 0.72 0.32 0.00 0.43 0.69 0.55 0.92 1.42 1.68 1.08 1.50 1.14 1.17 1.13 1.41
0.75 0.35 0.92 1.42 0.64 0.32 0.85 0.43 0.00 0.61 1.00 0.42 1.32 1.42 1.31 0.96 1.10 1.10 1.03 0.77
1.19 0.75 1.50 0.67 0.70 0.86 0.86 0.69 0.61 0.00 1.14 0.69 0.72 1.35 1.83 1.59 1.30 1.29 0.46 0.65
0.87 0.84 0.87 0.86 1.11 0.79 0.42 0.55 1.00 1.14 0.00 1.43 1.18 1.52 0.73 1.28 1.05 1.05 0.76 1.64
0.92 0.66 1.09 1.05 0.93 0.60 1.49 0.92 0.42 0.69 1.43 0.00 0.90 0.72 1.17 0.70 1.43 0.52 1.20 0.26
1.56 1.57 1.30 0.39 1.11 1.37 1.37 1.42 1.32 0.72 1.18 0.90 0.00 0.67 1.31 1.18 1.69 1.00 0.73 0.81
1.43 1.25 1.05 0.93 0.82 1.38 1.52 1.68 1.42 1.35 1.52 0.72 0.67 0.00 0.80 0.67 1.29 0.37 1.12 0.59
0.62 1.04 0.73 1.43 1.35 0.86 1.19 1.08 1.31 1.83 0.73 1.17 1.31 0.80 0.00 0.46 0.84 0.82 1.56 1.21
0.42 0.98 0.53 1.33 1.41 0.70 1.66 1.50 0.96 1.59 1.28 0.70 1.18 0.67 0.46 0.00 0.70 0.78 1.38 0.59
0.36 0.79 0.48 1.28 1.21 0.86 0.96 1.14 1.10 1.30 1.05 1.43 1.69 1.29 0.84 0.70 0.00 1.30 1.14 1.10
1.21 0.99 0.88 0.73 1.01 1.16 1.22 1.17 1.10 1.29 1.05 0.52 1.00 0.37 0.82 0.78 1.30 0.00 1.20 0.80
1.25 0.87 1.33 0.60 0.65 1.06 0.70 1.13 1.03 0.46 0.76 1.20 0.73 1.12 1.56 1.38 1.14 1.20 0.00 0.92
0.77 0.66 1.02 0.96 0.94 0.62 1.76 1.41 0.77 0.65 1.64 0.26 0.81 0.59 1.21 0.59 1.10 0.80 0.92 0.00
