5 5
2.9
5.127 7.349 9.090 9.041 3.761
20.736 19.547 6.758 9.409 8.402
0.959 15.046 7.339 19.438 14.950
2.157 7.373 6.480 12.842 8.944
4.337 2.825 12.354 0.092 10.741
0.332 15.102 5.879 8.061 3.702
3.381 2.688 2.509 13.497 11.718
6.280 3.003 13.844 13.023 1.006
1.562 9.977 3.493 11.827 0.445
4.418 3.815 2.917 16.126 0.233
7.833 9.689 1.318 2.935 3.495
4.986 6.083 2.780 14.396 8.315
0.799 5.370 0.897 4.059 6.339
21.910 7.406 10.776 15.051 3.223
7.993 12.503 3.547 1.465 0.658
4.056 3.614 1.658 6.231 4.430
1.858 9.118 5.728 5.320 2.021
7.137 2.084 3.812 10.579 5.927
9.408 4.707 0.030 3.533 1.560
4.405 18.243 3.888 2.359 4.640
9.175 8.727 2.234 3.307 13.986
1.022 12.045 1.152 5.812 3.999
6.690 5.786 2.743 5.064 10.900
16.167 0.690 0.025 19.472 3.915
19.264 5.628 6.059 1.278 2.218
14.537 10.705 0.790 2.233 0.207
9.851 2.189 0.941 3.974 1.811
14.035 7.099 5.176 2.557 4.630
15.177 0.366 2.988 20.125 3.416
7.401 2.396 26.310 8.060 2.007
20.788 6.462 1.791 17.739 4.373
10.793 10.104 2.823 5.349 1.204
12.775 5.730 17.464 18.713 0.863
5.137 23.853 3.896 0.971 10.416
5.848 9.466 10.777 5.028 17.961
1.417 7.365 4.718 5.885 3.611
0.741 1.073 18.156 9.221 14.563
5.764 3.984 2.621 0.380 0.932
6.249 7.407 1.786 0.116 15.080
9.482 6.263 9.197 8.749 12.272
19.503 4.963 5.685 3.432 4.820
12.819 11.965 3.819 6.404 13.208
11.928 7.443 14.263 5.696 3.603
0.445 4.067 6.487 16.555 7.512
25.304 7.348 2.649 12.758 5.308
1.628 6.391 12.513 12.469 1.123
4.464 18.834 35.133 5.548 4.850
5.906 4.510 9.349 8.037 8.395
0.914 8.513 26.566 4.099 2.640
9.459 21.321 8.068 13.694 9.042
1.275 15.750 5.338 10.637 4.304
4.590 21.934 6.948 0.122 2.393
0.925 2.502 6.807 9.110 6.965
8.722 13.948 21.468 15.765 12.724
0.752 7.129 12.154 10.256 20.489
6.561 7.942 0.363 2.691 7.974
4.749 22.999 4.919 10.071 8.623
6.785 6.213 0.775 7.750 2.950
13.337 12.675 4.061 2.862 0.697
9.235 1.363 11.114 6.661 4.658
1.568 7.260 6.920 0.955 7.885
20.518 15.127 3.551 9.101 3.723
10.758 4.429 6.675 4.159 2.883
4.264 5.628 13.928 5.155 14.386
0.613 19.750 13.523 7.309 14.306
0.415 7.566 3.772 16.977 0.569
6.558 11.713 9.415 11.028 7.597
9.766 0.850 12.591 9.061 1.237
0.478 24.167 21.714 22.122 6.617
2.251 2.600 6.907 5.587 6.524
12.178 5.524 14.780 9.204 14.235
1.107 3.824 1.577 1.112 5.611
19.531 6.831 1.552 11.464 21.829
2.464 12.394 5.095 8.155 11.391
3.695 12.766 6.720 2.632 4.375
18.693 9.792 17.553 17.266 0.524
13.554 14.932 3.418 6.207 0.646
0.111 1.396 3.149 6.378 3.532
6.039 1.132 6.415 10.634 6.235
16.262 14.079 5.058 1.486 10.633
6.492 11.783 6.865 2.027 3.644
14.533 7.697 15.949 3.606 6.929
4.863 14.551 12.320 12.683 6.136
9.384 0.384 4.304 8.783 11.035
3.862 3.759 2.706 11.213 0.333
6.184 3.190 5.688 2.121 27.771
16.067 20.171 9.047 0.609 11.083
4.143 4.489 0.630 6.256 20.091
3.114 10.156 9.221 6.683 25.484
6.771 3.513 6.110 1.478 6.370
0.525 4.057 9.045 15.008 3.966
0.661 2.366 8.739 1.935 10.474
0.290 6.930 4.076 12.936 11.612
4.154 2.692 5.455 10.562 10.431
2.778 9.941 8.151 11.539 1.783
4.784 8.737 0.428 3.457 4.087
2.125 7.881 1.335 8.393 13.575
1.102 14.783 2.978 10.960 14.538
13.949 1.690 0.407 8.690 4.037
1.050 12.466 5.811 10.001 6.167
6.646 11.593 11.425 4.323 2.846
9.962 4.839 4.687 8.729 12.394
5.147 11.796 12.873 8.405 6.604
4.904 11.323 0.251 0.122 6.144
10.591 1.470 19.262 3.768 13.082
1.662 5.531 14.454 0.161 20.675
16.409 9.210 9.028 4.626 5.600
8.080 3.653 4.957 5.851 10.644
1.184 8.672 3.980 11.453 7.529
24.482 4.600 15.409 2.081 6.342
3.802 0.404 9.726 0.769 6.836
5.342 10.727 9.108 11.843 10.098
2.588 18.009 14.016 4.334 4.183
2.594 4.536 5.666 9.061 16.640
24.892 7.183 9.590 12.879 13.701
6.976 5.502 19.572 7.065 4.503
5.902 2.800 2.960 13.595 1.792
14.739 2.459 4.647 4.677 9.171
8.627 15.046 0.840 6.203 14.507
1.135 0.698 4.661 9.497 1.347
10.469 5.684 17.672 10.152 16.237
0.347 3.410 2.681 16.798 4.221
28.565 10.611 5.374 1.461 4.577
3.442 7.981 17.743 15.914 6.196
8.860 3.583 14.066 10.897 7.712
0.532 16.554 2.235 15.604 4.816
5.913 7.750 8.895 8.377 10.448
0.934 7.695 3.144 20.205 18.783
11.281 0.026 3.243 3.266 0.663
4.907 11.593 0.543 1.175 2.065
4.153 13.304 5.843 3.574 14.284
1.934 2.996 6.430 12.073 4.212
10.036 13.826 0.872 3.746 7.613
18.088 16.554 0.094 6.495 0.961
2.266 0.634 11.931 7.919 1.083
5.673 17.861 10.852 12.290 4.613
4.851 23.892 10.030 2.976 6.415
2.560 17.679 16.964 7.852 7.327
0.960 5.219 5.827 26.411 6.068
8.649 3.736 9.096 11.075 6.327
15.078 4.838 1.536 14.937 6.621
6.649 8.402 6.986 2.082 13.493
13.383 4.005 13.529 1.097 3.572
9.129 19.220 10.910 6.105 17.253
10.639 23.904 10.769 1.365 1.763
4.487 5.073 21.157 1.222 6.343
5.310 13.433 0.133 13.599 4.559
5.151 0.377 5.083 15.195 2.858
4.785 1.338 0.303 1.535 2.577
8.829 4.981 2.637 1.189 4.098
12.525 4.323 2.329 0.647 16.819
6.190 12.074 8.535 17.516 6.758
13.701 2.108 3.179 8.053 10.540
26.046 5.653 0.558 10.725 17.406
6.776 0.206 3.345 4.020 0.515
2.632 2.775 13.657 4.818 0.655
23.376 11.517 23.986 9.441 5.517
1.466 25.392 4.877 6.648 5.049
3.998 21.910 5.004 9.101 6.141
12.130 7.124 3.905 15.306 9.503
2.505 5.553 2.354 0.394 18.282
4.888 8.880 9.090 1.476 16.947
8.366 23.376 4.799 22.632 11.497
3.757 4.236 6.954 8.355 7.825
17.128 17.264 4.319 3.719 7.763
16.965 8.099 10.733 5.186 31.201
0.940 0.029 8.037 18.280 8.961
14.156 0.442 12.814 9.017 8.038
5.850 10.429 15.663 5.245 8.682
1.296 0.713 13.204 8.909 8.840
11.438 1.862 4.230 13.678 9.812
5.201 3.605 0.187 1.136 4.300
14.915 3.625 30.895 5.205 4.206
13.551 5.235 21.593 9.253 8.102
3.064 17.433 0.010 3.459 3.930
14.141 0.332 11.086 6.609 6.696
3.121 8.633 17.106 5.726 2.266
9.747 4.514 4.819 3.110 11.299
7.355 8.833 10.981 8.489 8.474
20.867 1.991 0.827 1.203 0.574
12.988 3.787 7.103 1.063 12.673
5.378 4.363 20.569 2.545 8.484
2.097 11.179 5.248 0.047 12.122
5.386 22.308 2.137 13.274 14.136
20.918 0.133 13.662 6.928 9.990
4.029 12.391 21.961 1.481 6.876
18.798 2.017 2.446 14.817 3.931
18.287 4.010 4.688 7.003 10.024
5.859 13.091 2.492 10.002 6.934
16.145 19.943 9.688 12.871 0.876
0.073 7.597 15.002 14.300 14.785
8.052 9.365 0.151 9.716 22.208
0.279 1.465 1.617 5.667 4.905
12.722 0.298 8.571 14.127 8.225
28.091 1.339 3.289 9.311 5.722
17.648 14.691 3.328 3.462 15.550
15.322 7.621 12.594 16.859 4.650
3.583 0.227 12.940 14.973 7.209
4.714 14.824 10.898 16.997 21.570
2.531 12.849 17.376 3.311 10.624
11.977 3.921 3.716 7.426 14.189
23.968 17.388 6.705 20.580 11.915
4.032 2.438 6.091 6.533 1.811
4.047 8.570 7.942 4.633 9.600
3.313 8.120 5.057 9.964 1.983
0.866 3.378 1.099 18.780 2.150
25.443 2.628 2.861 17.511 7.297
3.859 0.938 12.103 15.003 8.911
7.875 1.365 12.124 13.878 8.460
5.339 17.355 15.609 2.537 2.909
6.089 2.697 13.327 1.089 19.243
15.654 15.299 11.306 0.070 0.936
12.487 11.332 17.892 7.258 0.758
1.648 3.507 8.427 5.927 8.002
10.307 5.419 16.289 14.601 3.407
1.792 6.017 6.194 12.091 14.667
5.859 8.167 9.354 4.816 23.021
4.403 4.728 10.763 9.604 5.304
6.427 2.915 2.309 11.582 18.304
9.154 8.024 7.950 7.923 3.427
0.147 2.753 5.224 0.067 18.703
1.472 4.127 6.076 5.691 13.160
8.120 3.361 11.487 3.562 13.668
6.967 5.324 8.359 11.458 9.320
6.379 1.196 14.156 7.369 4.274
12.338 1.965 10.621 3.065 0.834
14.014 21.962 6.172 4.447 5.879
11.666 5.181 0.181 21.126 1.511
5.799 5.808 14.474 3.062 1.950
14.514 0.565 13.874 1.538 8.192
0.098 16.202 11.068 5.921 3.177
8.130 14.722 8.575 20.272 6.596
6.305 3.805 8.926 3.539 2.701
12.357 0.135 2.405 5.440 11.511
15.203 8.304 17.869 9.052 8.493
7.558 2.680 10.312 3.432 14.355
2.648 1.617 4.302 1.049 4.450
5.714 0.289 1.106 13.075 12.903
10.809 15.181 7.094 8.615 2.461
0.948 20.792 1.611 5.093 5.045
25.416 4.163 24.835 12.287 0.240
3.475 10.841 0.453 6.074 21.830
0.766 12.050 1.883 0.473 1.538
2.536 2.952 5.649 12.645 8.686
28.967 8.658 19.972 0.849 2.334
4.600 8.353 0.605 11.340 13.852
4.838 6.916 2.347 8.581 3.533
10.320 11.576 5.671 2.695 6.792
0.822 8.602 11.688 12.979 5.411
3.376 10.569 13.134 8.882 1.825
20.577 6.694 1.123 19.798 12.322
12.098 4.558 2.732 3.271 0.831
10.216 2.188 8.804 4.761 13.588
2.013 5.206 9.000 2.605 11.617
14.406 7.576 5.733 4.240 11.765
9.961 0.204 10.137 1.097 7.521
7.381 10.993 18.945 3.917 2.550
11.036 9.669 9.544 7.472 4.244
5.434 7.464 14.649 5.020 17.723
5.625 0.317 9.230 32.706 4.264
5.370 2.253 14.436 8.642 12.932
0.658 3.258 11.433 8.162 8.688
3.241 0.352 20.205 2.869 12.301
12.413 11.003 1.982 11.578 0.651
10.856 4.825 8.171 0.162 5.152
1.770 5.662 13.745 0.604 5.227
13.835 16.858 3.621 4.792 23.386
1.690 2.450 3.724 4.267 8.574
2.955 6.421 2.571 10.723 11.153
14.424 9.088 4.685 6.771 6.772
12.153 3.363 1.263 8.528 4.664
5.607 26.346 7.256 14.883 11.063
3.812 4.723 0.310 26.776 10.205
11.814 7.765 2.827 1.397 5.125
3.626 4.872 3.575 16.435 7.383
1.954 13.704 0.737 7.987 23.222
5.325 6.552 2.520 7.267 4.070
17.624 5.159 13.329 5.473 0.832
3.639 14.235 2.102 0.580 0.312
6.645 9.572 0.342 6.423 8.702
2.956 11.564 3.036 0.954 2.101
3.279 4.758 18.750 2.767 11.977
0.764 18.694 6.427 2.655 18.300
3.381 28.699 1.362 6.379 13.742
1.510 10.311 7.139 13.865 6.242
2.911 15.100 5.462 5.433 0.397
7.973 1.672 26.249 7.333 3.360
15.058 5.025 13.783 4.272 18.598
4.047 6.690 1.639 0.995 12.416
18.634 1.017 21.171 13.279 4.528
5.194 7.271 2.321 8.962 3.466
8.447 8.360 25.751 11.466 4.741
6.198 4.954 0.878 11.003 12.317
0.579 5.421 2.627 11.291 3.567
6.664 3.316 15.284 9.500 8.972
3.166 5.382 9.891 0.868 5.747
20.994 2.825 18.762 0.485 10.202
6.907 1.809 9.632 18.629 1.735
4.534 0.450 21.401 26.238 8.416
7.883 4.900 10.076 0.522 0.416
2.013 0.041 13.791 18.901 0.391
1.486 7.373 10.946 13.378 8.060
15.364 29.579 7.177 5.303 0.076
3.663 12.784 4.722 1.062 20.952
7.384 4.323 15.766 0.654 8.763
9.727 9.795 3.402 3.458 4.415
2.054 1.231 4.966 8.737 10.429
7.735 10.753 4.723 10.449 9.212
1.512 0.801 1.973 3.240 2.872
11.157 18.600 6.773 3.929 15.074
0.878 0.983 10.336 5.704 4.123
3.034 5.546 7.611 11.347 1.805
1.725 3.793 5.164 9.553 0.781
0.977 7.648 3.150 1.021 16.814
9.042 12.676 4.414 6.506 5.204
3.170 7.721 4.563 22.282 6.910
3.101 4.879 5.785 4.802 3.770
2.659 8.039 8.545 18.398 10.856
17.243 13.690 5.486 21.281 8.430
6.248 0.334 2.746 0.850 10.563
8.397 3.927 23.626 3.460 6.750
5.867 8.982 8.073 7.917 0.945
7.065 0.679 7.175 1.698 10.177
4.763 11.572 14.138 4.793 12.268
16.573 8.898 19.666 3.404 3.674
7.277 4.683 10.742 16.327 1.520
11.932 2.326 4.888 13.784 5.019
2.782 2.390 7.340 11.051 11.872
20.746 4.904 19.412 3.265 1.924
12.251 9.672 6.214 1.766 11.649
18.274 2.537 27.989 5.639 12.329
1.302 2.167 7.848 23.659 4.418
9.815 7.683 8.403 19.873 10.316
22.095 8.722 13.646 6.379 7.886
6.268 0.250 3.808 1.559 13.561
4.350 21.969 19.996 9.526 14.499
17.867 4.831 3.390 7.770 0.183
5.566 5.695 12.362 2.687 1.240
0.586 8.886 4.434 14.207 14.913
16.366 1.747 31.154 3.703 1.122
1.231 6.587 18.746 12.550 7.716
14.676 2.092 7.808 1.942 1.491
8.094 0.791 8.447 7.460 12.621
21.814 10.734 12.469 14.568 15.959
9.502 9.751 0.192 4.601 13.124
6.524 8.701 7.167 9.273 8.617
9.740 0.386 12.462 0.095 3.339
7.902 0.802 5.809 11.244 2.803
2.357 2.862 4.468 6.320 10.696
8.270 7.237 11.438 15.935 3.102
13.112 12.673 7.743 19.030 0.965
5.350 3.778 4.237 3.800 1.971
23.647 7.107 12.663 6.716 5.186
6.077 18.071 4.662 6.575 14.026
16.717 9.934 10.859 19.957 12.226
13.287 5.787 7.703 3.101 6.262
1.968 0.083 3.004 7.015 4.826
14.551 11.646 18.944 3.827 7.931
2.979 23.213 20.597 13.188 5.719
12.698 26.332 3.862 6.194 4.397
6.283 8.323 6.560 1.695 9.935
17.795 1.782 9.983 1.443 7.937
14.706 20.293 6.473 10.832 13.559
5.684 12.409 3.454 8.326 8.812
0.866 1.766 14.253 1.530 9.254
6.254 22.524 0.161 4.687 11.197
6.206 7.051 7.459 13.267 10.552
7.355 11.972 1.427 18.125 1.852
8.680 1.042 5.027 7.131 2.495
8.699 3.805 3.625 8.814 3.760
4.538 1.112 8.616 8.755 1.783
8.838 1.547 8.780 8.500 3.010
12.313 4.764 21.525 0.715 5.690
2.622 2.813 10.064 7.809 0.081
14.930 9.282 3.327 12.406 9.427
12.304 2.132 1.763 12.476 17.695
5.213 12.286 9.728 19.932 11.234
9.834 0.966 9.365 7.733 10.318
14.534 0.337 0.826 8.816 0.902
7.283 4.510 1.743 1.698 0.182
1.140 13.207 0.234 3.175 16.987
0.670 5.667 10.082 2.436 7.365
0.303 8.596 1.870 3.931 7.763
5.733 11.759 3.359 15.848 10.710
5.715 0.601 1.251 7.186 14.845
22.987 6.406 5.053 7.851 22.929
15.532 14.294 2.605 4.325 14.286
7.210 6.823 0.844 0.602 0.316
11.760 11.109 13.295 3.895 4.689
10.651 0.112 3.570 6.918 7.066
5.940 6.982 4.304 4.016 2.890
6.704 0.530 8.280 8.082 10.363
9.629 10.011 0.553 0.417 5.365
8.753 5.546 12.382 13.853 9.296
14.200 6.699 4.656 16.017 8.003
9.911 0.895 11.467 5.399 11.388
7.147 1.704 21.030 3.813 8.669
23.547 6.782 1.487 1.086 2.319
10.712 4.831 0.671 8.427 7.930
16.545 12.757 9.796 2.058 9.366
10.911 12.987 3.334 0.089 10.980
12.330 22.646 17.275 13.323 11.426
4.941 12.016 9.698 3.785 15.161
1.778 3.908 1.640 7.762 2.086
12.750 1.158 22.926 2.425 6.819
3.250 6.947 0.874 2.650 0.219
10.004 1.443 9.472 2.045 1.380
11.592 4.138 4.963 8.602 1.226
4.852 4.931 12.190 0.563 2.306
0.409 3.666 15.144 6.110 5.165
12.214 15.933 16.763 2.880 12.868
3.478 6.539 8.510 7.590 2.659
17.211 7.718 1.826 0.848 9.726
4.830 2.199 0.925 2.994 0.826
2.994 21.415 1.019 1.506 0.492
5.803 7.877 6.752 6.218 10.289
9.812 14.307 4.535 0.487 17.383
8.941 4.363 3.548 4.227 3.812
5.431 2.700 10.345 9.000 6.853
14.354 11.510 0.090 7.464 6.163
8.243 8.051 17.075 10.135 15.923
1.926 0.929 10.809 11.661 6.259
3.743 6.378 7.123 5.960 14.644
10.267 4.275 1.289 7.432 14.541
7.802 1.635 2.761 20.866 3.715
27.104 3.217 2.740 31.623 0.065
3.370 1.826 1.308 3.239 7.398
8.039 4.625 5.436 4.107 2.007
7.894 8.813 16.976 14.251 4.017
11.902 4.072 5.242 16.967 2.021
19.188 3.444 20.835 0.602 4.199
1.536 8.358 3.800 5.389 18.329
7.636 2.366 8.192 8.269 7.728
9.457 6.964 4.391 26.187 10.997
7.943 11.997 2.735 24.009 1.826
6.770 8.697 7.627 2.307 4.197
6.518 0.524 18.107 20.453 12.800
3.124 11.832 1.424 6.789 10.105
4.915 5.410 11.077 4.543 3.057
0.124 6.792 15.353 28.742 14.621
0.755 4.153 7.618 1.333 7.508
0.838 0.806 8.181 11.482 14.223
15.560 0.962 5.235 12.159 5.675
2.055 11.104 3.428 13.996 3.029
26.908 10.681 9.285 12.907 5.735
14.470 8.878 3.586 12.905 9.573
7.107 8.421 13.805 7.391 17.294
6.247 12.493 9.177 7.407 5.708
3.081 6.133 1.839 4.308 4.627
8.353 8.468 3.383 4.541 14.471
12.257 18.026 6.479 3.292 1.720
12.929 4.019 2.687 2.668 2.175
2.191 20.947 3.989 0.439 10.746
4.276 6.827 1.307 7.923 8.153
2.015 4.410 3.872 26.907 0.808
0.114 2.007 9.186 1.773 2.165
16.006 5.406 11.723 6.935 14.509
8.938 0.076 5.360 4.953 0.968
16.815 22.662 11.229 9.410 14.724
7.426 9.234 5.616 0.762 7.607
11.468 4.666 21.819 7.467 6.969
8.618 5.157 4.369 8.506 3.585
10.146 2.604 19.698 23.618 14.491
14.333 4.124 15.951 13.114 4.681
7.214 18.004 3.398 20.285 4.709
5.941 12.394 10.321 12.732 2.509
1.355 8.994 10.301 0.911 1.052
1.781 9.563 3.556 2.556 1.165
2.982 17.408 2.400 20.191 0.021
10.727 3.574 0.926 6.955 3.977
9.643 24.255 10.903 1.076 1.817
12.283 7.420 8.107 10.885 7.492
9.984 5.487 4.627 4.210 14.863
2.888 1.211 11.875 4.226 7.046
8.995 12.957 7.403 0.823 2.761
4.384 0.331 2.559 3.580 3.369
9.254 0.932 10.740 1.564 8.726
9.604 9.805 13.564 8.410 17.976
6.883 5.155 6.698 7.116 10.742
11.141 1.036 2.200 9.945 15.395
18.472 7.445 2.126 14.957 10.573
9.587 3.813 1.750 1.601 3.383
9.739 6.671 0.641 0.333 5.234
6.161 11.479 4.521 3.893 21.112
11.341 0.867 16.606 14.062 7.246
0.339 4.354 11.457 2.376 9.713
10.097 17.388 14.066 22.167 0.718
11.705 1.123 6.975 12.529 9.094
19.648 2.698 3.251 2.919 1.671
20.044 4.474 10.417 21.459 12.531
7.535 2.313 6.540 2.564 7.815
12.319 11.904 9.669 3.496 9.305
0.812 0.767 12.820 15.484 8.067
20.629 11.826 4.350 1.209 1.706
10.571 16.156 0.361 9.442 11.788
3.054 10.771 18.161 6.702 6.934
6.142 1.941 10.011 11.670 10.417
14.644 6.913 4.913 2.249 1.810
0.302 5.790 3.813 10.879 1.189
2.192 18.641 17.451 1.035 4.853
8.679 12.204 2.377 1.437 4.865
10.179 13.408 14.055 0.153 9.250
0.103 14.707 1.505 14.994 7.123
11.623 13.738 0.370 0.031 2.652
11.106 2.803 0.135 1.210 5.837
7.100 13.158 1.847 12.061 2.875
6.324 2.915 17.676 18.126 6.866
11.494 5.914 1.673 0.112 13.288
17.284 7.775 2.421 6.211 5.108
2.476 12.514 10.507 10.462 4.853
2.900 8.072 14.297 8.665 8.288
4.474 15.823 0.033 2.170 17.917
11.675 5.042 18.252 5.706 1.007
10.398 7.549 20.457 2.059 13.886
12.320 5.078 3.128 9.015 4.349
6.232 15.618 36.062 5.538 12.819
0.217 4.344 3.784 10.441 1.557
11.610 11.737 12.291 5.461 18.636
11.315 0.046 10.466 7.604 4.330
4.077 12.457 4.058 3.144 0.730
10.299 0.240 0.364 12.065 4.129
1.117 19.392 2.995 1.240 9.548
6.199 17.248 5.261 15.925 4.418
9.523 1.659 11.041 4.695 1.060
14.551 24.021 4.836 8.301 19.917
14.430 5.639 5.690 3.334 6.807
17.050 5.932 12.191 9.560 13.117
7.280 8.016 6.372 6.468 1.775
12.302 3.665 2.520 22.638 5.677
13.601 6.348 10.296 11.146 13.427
1.970 12.693 5.475 1.949 5.281
2.305 7.496 8.835 1.605 1.862
6.632 11.259 3.832 4.701 5.129
20.968 19.071 11.328 12.590 11.920
6.387 20.447 0.620 4.416 3.574
1.738 3.214 16.936 6.316 7.480
18.577 2.034 8.724 16.510 1.365
6.389 3.295 1.517 13.837 4.341
4.349 7.247 11.377 9.366 7.238
24.384 14.227 0.923 5.489 4.433
11.914 9.857 3.766 4.814 1.805
5.652 11.009 5.492 3.556 10.938
4.316 3.385 8.685 1.174 2.021
5.924 20.897 3.942 4.190 5.007
9.968 22.820 0.306 7.504 0.023
6.821 3.463 8.320 13.457 0.090
9.884 0.504 7.659 8.890 0.483
14.188 23.216 0.888 15.300 2.773
1.389 12.595 7.645 5.408 10.851
15.477 6.606 16.662 3.002 0.145
0.658 3.673 7.537 3.263 1.398
0.145 6.485 15.431 21.507 5.422
9.878 21.094 16.332 1.229 1.962
8.217 2.575 4.686 16.779 2.804
9.404 11.384 1.293 12.483 0.250
3.666 18.433 13.852 19.536 0.443
10.243 1.813 2.242 1.844 2.608
11.291 6.945 2.745 11.857 1.196
7.089 0.212 8.369 3.622 3.251
22.138 4.429 6.897 22.382 6.525
1.727 1.518 2.363 5.860 9.390
3.458 17.813 4.470 1.643 10.597
3.880 7.260 5.799 17.668 9.691
8.753 5.282 11.269 16.288 20.758
20.205 14.655 1.078 14.318 1.329
27.901 12.909 11.846 18.627 2.244
6.899 19.090 15.537 8.608 5.745
2.743 21.870 6.644 8.443 5.402
15.495 4.164 0.258 0.851 7.982
6.164 10.575 4.253 11.993 21.301
5.593 10.584 6.178 1.066 0.951
3.144 9.973 12.470 7.753 3.549
13.192 4.578 4.594 10.018 15.219
1.200 5.215 2.567 5.876 4.109
2.707 17.277 5.506 7.354 12.409
12.683 6.732 4.368 2.068 6.041
6.491 18.124 5.224 9.308 9.256
12.162 1.638 3.079 3.986 11.191
14.382 6.017 5.142 3.313 11.802
15.294 3.467 21.619 2.142 6.213
10.923 1.448 8.665 2.119 2.472
2.821 5.813 6.489 13.691 6.811
0.499 0.934 0.274 8.043 1.757
12.491 14.806 11.598 0.682 8.796
8.309 5.185 18.773 4.050 11.787
0.686 15.292 26.840 7.054 0.161
19.554 4.927 11.984 9.861 4.028
9.294 0.279 7.582 20.989 5.369
24.287 5.064 6.195 24.018 2.081
6.142 22.076 0.886 13.802 17.662
6.769 12.922 13.678 13.059 16.623
18.546 11.795 2.350 8.702 3.587
3.210 1.001 12.348 5.905 20.253
1.059 1.763 5.221 7.244 12.816
1.543 9.942 2.333 7.048 14.579
11.107 15.251 10.681 7.598 10.520
9.566 3.064 0.302 3.852 33.346
6.571 2.291 11.374 1.640 9.552
0.139 9.803 3.961 2.366 1.280
6.626 2.125 0.352 5.954 5.319
4.908 20.461 6.413 16.539 5.232
7.249 0.505 3.212 8.070 16.528
27.557 3.958 0.141 11.243 0.363
14.536 10.589 7.239 22.937 13.188
9.836 2.431 1.678 7.944 5.408
2.624 19.170 8.421 8.088 5.492
10.618 0.550 9.689 6.043 7.942
6.052 8.236 2.154 15.993 11.325
15.217 9.225 6.180 0.781 21.260
3.373 7.504 17.357 1.617 15.185
11.180 7.209 7.457 0.223 2.235
7.612 0.270 0.237 5.700 3.353
30.216 5.924 18.211 2.186 10.358
4.781 9.420 17.332 4.917 2.733
3.445 2.821 13.581 2.639 5.607
15.706 7.854 9.132 10.864 16.425
0.325 6.458 0.763 12.076 11.004
0.489 2.576 5.556 8.742 6.390
6.527 6.569 12.938 1.200 5.530
4.143 18.464 3.697 0.999 4.936
11.109 16.521 24.438 3.076 5.110
3.791 2.781 2.868 2.040 10.669
12.057 22.431 7.435 1.406 9.431
2.602 10.749 3.532 4.210 1.910
5.977 1.463 4.888 18.912 0.843
14.105 2.143 3.237 1.640 22.733
0.523 6.672 2.269 6.768 7.254
10.708 2.479 25.034 17.746 7.691
1.585 2.127 1.216 10.979 10.545
1.041 1.856 2.884 4.800 4.621
2.451 13.009 8.263 6.348 7.724
0.001 10.985 19.065 4.751 14.061
7.756 7.406 0.612 0.398 7.875
0.554 4.722 13.795 0.940 16.891
1.752 1.160 3.654 12.309 0.467
10.762 4.593 9.552 5.549 21.380
37.467 5.984 14.785 0.227 13.568
15.314 3.833 4.364 1.100 12.008
23.526 4.275 12.313 3.970 3.820
6.886 0.044 0.394 6.112 2.039
12.046 6.873 19.582 1.927 3.650
5.029 0.266 13.471 26.349 9.123
3.586 16.972 8.400 1.146 20.176
1.726 4.989 1.054 24.792 1.302
6.758 6.824 3.485 1.387 1.466
13.475 7.740 0.256 10.124 4.088
3.683 5.060 1.423 10.560 13.087
0.707 2.044 15.873 8.163 0.913
3.052 4.459 18.361 6.462 2.043
16.433 0.416 4.374 0.921 7.360
13.757 16.912 6.569 17.786 4.273
12.439 2.609 9.612 6.672 25.490
12.937 0.890 14.991 3.638 8.127
2.776 4.675 18.787 10.182 0.398
0.590 3.543 15.013 9.041 15.078
5.531 7.946 7.157 31.572 11.806
0.202 5.797 4.101 2.785 11.214
1.643 1.701 9.876 14.472 12.387
1.509 4.157 2.042 11.142 6.707
19.716 3.316 3.631 7.292 7.085
8.753 31.290 8.673 13.484 1.673
3.027 13.784 13.192 12.588 7.563
3.254 3.763 11.815 14.358 2.537
10.512 0.040 15.337 10.921 7.346
20.397 0.444 13.031 9.765 0.990
2.905 2.377 1.875 0.406 1.852
10.420 3.033 0.575 10.021 1.679
8.637 9.358 6.505 0.245 12.519
8.813 12.895 14.635 5.004 4.153
4.907 13.246 13.962 17.908 17.505
11.181 3.275 8.984 12.303 12.800
10.144 8.813 12.192 18.810 8.060
8.901 2.712 4.440 4.544 2.763
0.287 10.297 16.579 2.002 17.407
3.153 15.229 7.589 22.555 2.686
14.904 10.973 2.803 0.649 7.662
8.488 1.347 1.504 0.735 3.547
2.226 9.220 0.749 8.561 1.369
20.635 12.766 9.535 5.665 1.439
10.530 16.174 9.315 6.335 2.413
7.088 6.474 6.044 21.722 9.506
16.339 0.349 2.373 11.841 10.087
7.017 8.578 23.933 0.998 7.292
7.848 13.923 10.162 5.343 5.317
0.633 3.831 18.316 8.858 5.576
7.650 6.944 25.575 6.093 32.078
9.881 5.158 13.794 6.917 4.191
16.748 23.000 3.472 16.813 0.573
16.962 0.435 9.431 26.176 1.380
6.796 6.154 6.044 19.927 0.569
7.840 9.966 12.958 1.857 8.604
4.234 0.202 0.099 16.976 4.144
7.741 3.191 14.203 11.523 3.688
7.858 9.284 1.781 12.300 5.412
13.874 4.394 17.292 1.510 2.856
12.393 1.682 5.581 5.628 3.048
10.109 2.806 6.042 12.055 6.094
3.264 0.228 2.865 21.447 8.338
0.547 5.367 7.284 12.868 7.949
15.253 13.290 8.756 10.663 12.130
1.577 9.975 3.963 6.195 21.402
14.932 1.098 13.313 25.058 5.928
8.817 15.218 11.478 12.260 21.084
13.207 7.253 2.626 16.523 1.789
20.257 6.502 15.853 0.068 9.140
5.614 0.513 1.681 3.500 6.716
4.651 14.910 10.292 14.939 6.933
7.735 13.127 0.492 0.216 14.359
14.875 9.935 21.124 3.471 14.070
6.285 4.836 10.007 6.693 10.743
0.213 1.477 4.786 7.389 4.247
3.720 8.865 2.921 10.140 1.668
7.888 1.185 4.145 6.744 9.692
9.448 5.829 26.722 14.342 2.006
0.340 21.703 13.290 11.010 17.491
1.245 0.054 12.914 4.736 13.226
3.361 8.388 6.412 2.002 6.196
5.445 7.839 9.360 1.972 0.197
1.114 12.513 11.762 2.996 13.091
0.307 8.120 5.195 4.269 23.283
9.672 1.847 7.356 4.319 6.565
20.307 13.947 0.995 4.216 0.616
23.508 3.182 4.202 0.510 2.285
19.115 5.247 7.237 8.473 12.025
15.044 4.822 2.212 12.711 3.471
0.150 5.695 4.823 2.754 9.940
8.326 2.135 8.013 14.621 11.066
7.048 6.588 4.724 12.148 5.423
1.321 10.643 8.313 1.774 7.446
22.383 6.188 3.950 0.342 7.482
3.879 7.774 0.450 12.682 15.793
12.791 2.503 4.339 18.549 1.895
4.463 1.146 0.054 15.331 0.176
14.107 10.082 6.765 11.926 26.306
4.009 2.375 1.918 6.100 3.460
4.348 0.834 10.341 2.517 3.068
1.105 10.464 12.399 7.393 4.071
11.932 14.820 4.574 0.320 14.395
14.042 7.922 2.307 14.151 10.189
7.982 1.229 21.909 4.196 0.357
7.743 7.637 3.658 2.793 0.017
8.457 6.816 1.601 9.745 6.457
8.821 11.578 5.930 19.451 14.423
8.807 3.069 8.525 6.507 8.601
10.242 2.405 0.816 18.917 1.618
5.781 3.401 11.795 0.494 14.463
13.584 5.955 8.871 13.546 17.394
2.494 0.543 7.440 9.156 2.730
23.179 0.893 0.013 2.895 0.260
2.556 1.971 1.662 2.899 2.600
8.821 4.543 9.801 9.017 0.783
4.875 16.838 2.511 4.134 0.165
5.914 8.863 4.325 3.508 2.433
1.109 28.017 0.955 9.978 5.623
2.371 4.568 10.635 10.159 16.974
6.912 11.356 11.629 3.830 1.954
0.888 2.099 16.754 11.535 10.966
6.282 20.650 5.126 0.759 4.348
3.237 2.475 11.896 10.967 0.374
2.606 14.127 2.586 22.208 4.888
3.920 5.211 0.449 9.488 4.677
3.900 1.591 13.861 12.495 9.927
2.055 3.956 0.637 6.644 0.189
11.461 4.269 5.034 3.551 19.395
10.148 13.318 4.748 3.068 7.021
7.353 1.891 14.917 9.563 2.723
19.285 4.966 1.812 8.351 12.863
20.578 4.224 10.789 8.480 2.114
17.980 5.587 30.883 7.541 0.051
1.883 21.480 8.397 4.809 3.757
3.944 2.314 6.084 12.014 5.664
21.189 5.400 3.119 0.298 17.099
1.292 7.232 14.522 16.429 3.042
11.109 3.290 1.595 10.300 16.441
5.682 17.847 13.750 3.546 4.710
1.590 12.947 11.974 2.232 6.349
4.049 10.015 13.913 12.327 5.292
7.674 7.180 7.058 0.486 5.156
4.013 2.364 18.486 12.702 3.104
7.761 12.063 2.191 5.584 4.462
14.859 6.400 3.355 8.584 4.468
9.790 6.870 8.559 2.807 13.699
10.655 27.108 5.916 23.420 0.289
9.952 3.518 12.249 0.432 4.950
2.853 3.549 3.229 10.073 25.320
9.481 1.256 15.031 8.294 11.698
0.814 10.771 5.190 0.344 8.070
3.551 2.852 11.169 13.655 0.066
5.307 14.037 3.340 6.320 18.654
2.319 7.200 9.075 6.661 2.681
13.326 3.156 0.556 21.042 13.598
8.902 3.557 26.207 5.699 3.598
6.136 2.212 5.339 13.050 10.373
5.363 5.893 15.054 6.986 1.767
2.614 15.686 11.914 4.607 4.927
12.017 15.889 8.395 6.443 2.297
5.452 2.726 4.811 18.877 0.987
10.121 8.135 10.070 1.804 5.672
6.010 4.276 2.367 5.918 1.384
4.833 10.839 7.609 4.480 17.720
6.488 10.228 10.091 6.857 2.733
12.166 9.229 1.118 0.413 13.889
9.808 8.975 1.027 2.528 3.070
1.096 9.047 22.078 11.025 8.051
19.422 22.376 5.179 35.965 1.584
0.719 3.940 1.358 6.255 3.182
8.566 3.891 3.236 2.466 13.334
9.128 10.672 8.760 4.495 1.223
13.798 0.010 12.897 9.124 9.990
0.513 15.024 14.236 0.882 13.311
12.953 6.787 12.685 1.356 3.495
9.965 11.379 1.756 12.530 10.401
6.972 4.829 2.474 4.803 5.970
15.461 5.521 9.379 11.546 5.923
3.538 3.853 1.205 19.488 1.143
14.422 6.481 4.731 5.685 0.821
1.921 6.820 12.101 0.855 1.335
15.324 5.428 15.828 0.962 2.594
10.186 19.502 4.927 16.353 5.353
7.531 26.482 4.618 26.262 8.813
17.214 14.820 10.347 1.926 12.126
8.488 9.980 8.470 20.315 0.095
5.944 17.847 12.685 0.766 2.959
2.291 15.748 17.914 2.083 9.466
4.953 0.779 8.785 2.949 4.003
8.210 16.451 1.360 4.608 15.252
3.254 13.508 14.296 2.977 23.718
11.620 7.191 12.185 1.575 1.739
1.450 8.099 0.491 5.675 19.563
2.826 2.811 23.138 1.350 12.597
5.781 2.790 4.475 7.471 7.463
2.132 0.206 19.157 15.750 12.902
0.279 3.706 16.645 18.081 11.534
18.013 1.438 8.140 13.339 2.475
7.860 8.805 19.094 4.887 6.870
2.067 5.507 6.524 0.549 5.875
0.001 8.660 9.567 4.463 6.402
6.052 6.631 3.987 8.692 1.801
15.901 14.446 23.474 5.711 2.020
5.498 9.599 7.330 0.304 9.341
7.256 7.508 7.006 4.377 0.701
10.289 8.864 9.547 6.664 11.187
13.439 5.205 6.834 32.816 5.237
14.087 11.282 9.952 5.440 2.165
10.889 9.846 11.154 0.217 1.532
6.450 0.668 19.732 0.927 6.778
11.713 4.622 1.757 11.005 3.956
21.853 1.259 0.282 8.124 24.012
11.532 7.959 5.581 19.598 11.505
6.831 9.154 8.667 3.432 21.402
5.121 1.799 6.137 20.627 10.304
19.115 0.800 7.686 6.681 7.308
0.180 1.372 9.884 3.296 5.482
4.258 0.721 2.408 7.527 5.386
7.841 6.772 12.733 2.729 21.803
3.733 7.385 3.258 7.334 18.997
13.679 5.319 26.224 1.489 10.274
12.484 9.560 3.688 6.192 6.903
5.047 8.089 7.926 12.363 3.351
19.283 13.209 10.610 8.062 23.668
3.371 9.722 3.038 0.501 13.407
9.450 17.409 18.895 6.946 2.784
12.933 9.028 2.085 1.370 15.744
10.093 2.656 26.929 15.167 14.921
8.137 1.499 1.333 1.560 0.467
0.612 3.636 14.254 3.548 0.406
4.571 12.776 8.112 6.227 5.862
1.657 16.039 0.278 2.142 22.526
10.504 15.768 0.300 5.584 3.121
4.007 4.793 3.691 1.209 13.313
2.794 0.876 11.990 33.455 0.857
10.156 4.215 10.243 18.761 12.315
5.768 18.631 4.034 14.699 17.287
11.776 2.935 5.668 18.105 0.865
9.252 1.796 10.738 13.767 9.189
2.811 2.632 26.867 6.553 10.948
5.891 8.212 0.625 6.509 9.094
3.687 1.528 3.797 12.211 11.163
2.994 12.189 5.288 10.142 10.793
18.988 12.236 8.036 3.403 2.443
8.153 0.208 9.602 14.089 4.923
22.055 9.902 13.027 13.550 10.490
4.653 7.323 19.569 11.539 3.129
11.129 0.119 2.007 16.768 9.623
9.762 26.872 1.294 4.912 0.841
15.655 11.606 2.740 7.764 4.758
9.535 7.980 9.841 9.769 9.782
10.810 0.186 6.489 7.568 12.310
10.030 13.673 18.543 2.559 1.435
1.106 2.690 3.279 5.001 7.737
19.128 9.076 6.904 19.757 10.720
12.750 12.615 9.057 9.031 7.757
0.981 6.909 9.493 3.014 0.463
3.356 8.468 3.557 1.924 11.834
13.312 12.007 5.258 19.631 2.541
4.023 2.864 15.929 1.407 5.415
5.848 16.832 9.188 13.196 4.153
4.261 2.786 0.510 2.997 5.855
3.598 10.724 0.107 14.089 4.126
1.230 10.058 6.128 10.772 8.691
13.068 19.514 4.690 16.283 3.271
7.201 14.227 13.393 5.599 8.418
7.366 12.706 14.600 10.499 8.684
17.631 13.873 8.702 7.510 3.650
3.619 10.178 7.916 1.957 13.049
10.809 4.461 2.259 6.314 2.078
0.317 14.344 10.108 7.399 1.517
5.216 1.311 2.405 25.975 5.082
0.421 2.375 1.767 8.649 4.551
0.437 2.396 2.698 2.864 25.497
4.993 4.024 14.621 4.704 0.144
27.910 7.163 3.656 9.840 2.441
3.838 6.175 4.702 7.908 0.735
14.268 1.588 2.745 6.210 2.595
11.759 16.018 2.941 6.938 8.598
2.907 5.588 2.114 8.111 7.439
2.721 9.456 7.158 11.825 6.016
8.045 3.840 6.788 13.583 9.828
5.760 12.269 7.970 2.093 3.532
1.313 8.979 0.277 8.857 14.099
7.468 6.549 3.754 1.060 9.881
23.171 7.123 11.346 16.983 13.484
9.843 8.223 21.365 10.394 1.836
7.689 12.032 1.279 2.639 3.326
3.769 11.068 7.683 3.975 0.356
5.294 4.457 9.009 9.462 3.651
1.964 4.247 11.212 3.574 2.990
4.044 17.918 8.037 13.942 6.554
4.173 10.295 8.168 6.724 0.067
2.368 4.322 16.486 5.940 1.291
0.891 2.490 2.515 0.129 2.765
11.570 10.095 20.950 1.458 1.225
2.641 6.520 0.461 5.604 2.001
6.343 2.882 3.854 23.164 5.614
8.549 7.399 9.898 18.315 11.002
8.803 0.018 16.160 9.901 12.258
0.806 5.323 3.267 14.060 12.160
6.819 11.971 6.005 0.240 4.847
1.946 16.101 8.839 2.187 5.877
3.146 10.750 0.908 10.128 2.687
9.283 6.426 12.150 4.041 12.183
6.129 3.948 17.508 11.665 3.780
0.548 8.433 12.344 1.187 4.710
2.344 0.526 7.741 1.699 8.839
3.773 0.348 4.674 14.632 14.462
9.010 4.476 2.971 7.960 7.451
11.949 10.101 8.987 12.960 2.650
6.155 4.712 12.250 2.307 11.332
7.646 6.746 3.638 6.148 7.366
6.863 9.788 7.780 1.659 8.585
7.734 0.722 9.666 4.220 2.062
8.177 14.424 25.485 23.268 6.601
14.099 13.584 2.354 3.503 9.897
6.770 3.291 9.573 6.397 5.672
15.633 0.221 4.771 0.118 16.007
2.988 0.306 7.525 5.275 1.764
4.163 1.403 9.058 1.543 4.039
7.823 2.713 8.618 10.510 2.526
0.606 0.998 3.274 21.824 3.460
19.566 1.913 3.163 23.011 10.425
0.179 8.030 4.518 1.282 8.247
7.425 0.978 1.083 9.013 29.946
18.944 5.574 16.144 11.443 8.009
13.431 7.186 3.855 7.404 3.784
15.463 9.477 1.318 2.880 3.354
23.118 4.270 6.658 12.656 4.208
8.821 6.296 6.301 5.317 6.792
4.489 6.817 4.801 5.475 9.240
17.063 10.269 3.219 1.782 5.510
8.669 6.202 25.168 8.486 21.465
3.588 1.855 21.439 10.041 4.099
12.137 20.837 13.498 5.258 16.455
3.548 13.543 14.611 0.330 6.626
11.321 13.718 0.210 1.275 3.701
5.814 8.689 3.687 5.821 17.447
18.982 3.660 8.439 1.519 7.927
9.963 12.372 16.863 8.537 11.696
4.114 5.417 11.400 6.298 6.725
0.214 5.487 12.601 6.762 0.163
5.172 2.033 6.202 5.350 3.242
14.375 7.020 17.939 8.600 2.005
19.283 6.298 0.518 5.430 2.251
12.825 3.101 22.690 0.335 15.729
13.552 22.227 0.273 2.816 1.557
3.577 2.351 13.719 3.702 5.379
5.423 8.449 6.819 16.651 6.609
1.722 7.546 3.871 9.880 1.238
6.055 6.146 12.783 3.790 5.567
5.489 13.970 5.783 10.332 1.782
4.830 7.249 0.818 8.630 0.886
9.106 8.233 3.196 7.703 14.792
10.987 0.811 0.543 9.854 4.324
5.259 6.315 2.511 14.467 4.623
8.014 25.449 14.204 2.656 6.761
8.985 10.696 17.095 16.817 2.773
17.342 5.379 9.738 8.843 8.652
0.878 9.402 2.878 1.909 6.762
16.794 8.785 5.201 19.651 3.236
7.901 2.094 11.830 9.626 8.276
4.434 12.116 2.642 1.620 25.319
3.153 13.123 14.949 4.843 2.440
6.092 9.939 1.264 13.193 1.757
17.091 0.018 19.084 6.369 7.346
6.233 1.736 3.734 1.505 2.884
3.041 15.036 3.736 3.704 5.923
3.491 17.727 2.463 12.199 7.665
12.825 8.468 10.700 3.558 0.126
12.952 2.525 12.960 0.744 16.115
1.580 3.490 6.127 16.135 10.077
24.397 2.293 1.932 5.357 1.820
9.086 12.648 20.526 0.501 1.302
0.880 0.885 8.228 0.229 5.778
26.859 4.324 6.358 7.307 0.687
1.715 8.476 26.875 4.145 6.288
7.063 6.978 25.124 16.134 0.909
7.784 0.519 16.466 6.625 16.868
1.452 17.772 0.079 21.995 9.087
22.410 15.473 1.507 13.325 11.063
11.587 6.298 5.989 3.855 9.016
17.045 4.229 0.420 2.990 15.681
4.397 6.647 10.884 6.161 6.748
4.960 12.458 11.806 4.450 9.932
8.762 0.485 15.877 6.156 8.554
5.627 6.062 12.002 7.544 10.414
18.369 12.047 0.624 9.137 14.846
17.106 9.667 12.410 8.106 3.021
9.009 4.664 12.523 4.051 13.573
10.753 18.868 3.981 16.301 1.479
3.642 10.694 1.635 7.170 3.228
11.782 19.664 6.106 2.628 4.539
12.337 15.765 2.378 3.027 15.930
8.657 4.154 11.358 7.256 12.106
1.094 1.449 9.334 14.929 8.095
24.839 0.875 20.316 10.659 4.175
9.648 10.035 4.595 0.547 14.577
0.574 0.236 3.598 2.285 13.991
10.341 15.524 10.431 21.670 9.747
14.229 0.999 2.587 4.891 3.283
1.965 4.287 2.072 2.185 6.083
4.449 4.673 6.791 0.313 13.082
9.436 9.832 13.350 5.030 1.441
10.409 9.306 14.507 20.400 6.591
6.514 0.080 0.105 6.031 5.974
4.034 7.145 0.485 14.265 12.397
11.069 9.138 5.972 3.181 5.597
0.750 3.367 2.845 15.469 7.606
4.094 1.979 8.961 3.845 4.453
7.745 12.305 19.392 15.095 5.750
17.715 10.766 4.618 9.756 10.675
5.778 4.861 2.096 7.289 11.387
5.680 3.888 11.812 11.581 8.859
0.139 19.607 5.759 0.659 2.163
3.148 4.026 3.177 1.568 3.736
10.381 21.903 8.106 7.527 11.839
10.043 13.365 16.284 15.667 14.379
2.377 13.158 7.957 10.154 7.424
1.329 1.816 3.245 5.849 18.072
16.105 22.027 14.244 2.963 10.192
9.409 13.955 2.409 9.686 7.666
11.639 13.693 0.759 18.042 5.349
8.720 1.717 2.973 4.776 2.871
14.374 15.461 13.654 0.493 0.007
8.399 4.123 7.862 14.231 8.821
8.632 1.863 14.782 2.177 1.474
10.294 2.842 12.083 4.589 4.150
2.205 8.609 1.206 8.213 0.839
3.435 5.144 8.437 6.037 5.874
6.764 14.019 17.301 7.649 1.855
11.270 5.337 10.399 13.498 4.990
16.690 9.548 8.461 4.105 0.827
5.506 1.775 12.035 0.494 18.382
15.434 11.683 20.329 2.342 5.996
3.428 20.958 5.718 22.389 1.290
22.632 4.144 6.165 4.189 3.602
22.770 9.867 11.583 1.580 6.617
3.126 12.612 2.811 12.704 8.667
9.498 7.357 17.378 11.510 13.354
3.792 18.786 15.178 4.153 2.655
7.726 0.088 8.350 6.917 1.490
10.788 0.764 8.225 2.859 4.478
13.110 13.211 7.264 12.199 2.953
15.110 11.358 4.475 6.859 23.288
5.031 16.661 6.369 3.841 17.410
12.786 0.486 7.539 22.199 4.878
16.251 8.216 5.558 3.786 4.171
11.245 14.102 3.222 5.673 9.322
8.325 9.362 8.734 6.489 8.905
4.155 25.248 8.444 7.785 1.705
0.097 10.015 0.320 2.295 3.802
3.634 5.626 8.745 14.074 8.167
10.903 12.055 2.004 5.714 1.990
1.945 10.893 11.695 4.388 5.613
10.702 17.613 15.410 3.944 6.128
6.279 3.414 4.728 9.469 5.907
6.883 9.222 7.872 2.225 0.424
8.616 13.380 3.252 0.341 9.444
1.429 5.331 0.355 20.397 7.504
5.280 28.141 6.433 10.399 9.221
0.429 9.527 11.302 18.273 19.053
13.627 12.458 1.579 18.238 9.164
9.735 2.594 0.853 9.457 1.696
1.898 7.574 5.198 8.755 1.302
20.251 7.535 2.113 21.855 3.276
4.784 11.064 8.146 0.887 6.579
1.511 4.470 10.164 8.614 15.979
17.194 2.991 0.795 11.758 11.127
7.533 1.026 10.038 13.021 17.407
3.575 4.618 2.844 7.890 17.575
8.947 9.301 15.648 16.759 13.080
4.244 6.121 2.789 4.040 0.678
0.076 17.803 8.201 9.456 1.551
4.897 23.954 6.054 6.589 4.707
4.195 20.354 11.914 4.625 7.927
2.860 5.229 6.516 5.993 9.296
3.098 12.032 0.498 6.436 0.372
18.563 4.634 2.721 13.037 15.048
3.058 17.765 3.640 5.981 5.478
15.848 1.980 18.807 1.945 6.897
8.573 12.050 17.742 18.299 9.437
19.260 0.874 1.683 1.550 11.466
15.517 4.765 14.459 17.810 4.293
14.332 7.525 1.345 16.924 2.731
3.124 4.288 24.675 0.288 1.405
2.682 1.212 1.851 8.862 11.963
13.490 4.520 1.365 6.459 15.412
1.610 5.709 6.057 6.365 12.334
7.222 1.873 10.447 1.748 13.571
6.626 10.338 2.252 1.509 17.464
8.489 17.464 3.916 6.002 7.288
0.349 11.241 1.751 7.243 1.984
13.720 7.907 3.567 20.239 6.389
7.257 10.673 3.259 8.800 2.619
12.655 2.666 0.307 0.229 6.528
1.090 1.738 1.263 10.861 16.175
4.060 18.286 10.530 1.435 2.210
2.737 2.128 2.081 15.967 10.263
5.434 3.096 9.921 7.999 10.176
9.000 5.815 2.704 10.311 0.423
22.377 5.511 12.383 11.613 7.813
14.241 13.250 9.398 6.166 5.651
20.501 19.484 4.722 7.160 3.449
5.591 7.082 7.202 2.804 7.499
3.276 7.808 5.449 13.310 1.433
6.787 6.098 5.322 3.594 19.020
2.413 3.917 1.963 9.857 9.755
4.791 6.570 12.058 8.948 4.897
8.564 7.884 16.461 8.839 1.397
12.073 1.566 17.494 0.821 3.404
4.201 4.798 3.356 8.058 31.885
5.834 4.857 10.706 3.861 3.564
0.645 6.743 0.555 8.963 21.844
6.696 7.347 10.311 6.173 8.955
11.719 9.042 18.891 6.961 4.992
6.981 4.037 4.891 2.058 9.337
14.910 19.977 6.299 3.913 1.403
7.823 18.674 1.382 20.234 4.744
8.197 13.058 2.093 8.350 11.599
6.477 12.359 13.719 15.588 1.725
6.777 9.625 4.951 3.655 5.000
2.648 3.433 12.634 7.812 7.294
13.485 13.332 1.957 12.477 14.890
18.594 5.954 9.516 10.771 7.748
2.099 16.788 1.567 0.451 9.974
9.134 17.070 20.574 19.899 0.847
11.253 4.443 11.975 0.776 19.558
5.657 10.786 2.390 4.323 1.972
14.624 7.759 0.244 12.567 13.568
10.341 16.928 15.370 9.187 6.232
19.157 0.165 3.143 19.622 2.556
1.002 3.400 11.204 8.330 4.004
4.468 2.739 7.369 6.389 7.933
26.881 9.169 3.668 4.893 8.440
16.664 3.823 7.226 2.566 9.165
10.669 0.337 7.462 10.528 21.355
4.238 0.667 4.566 8.475 0.593
1.118 5.202 10.607 7.608 5.964
17.722 13.730 21.147 2.024 2.628
4.198 3.737 0.056 7.003 17.106
23.205 4.914 10.549 7.578 14.038
13.597 6.250 16.908 2.064 8.925
0.940 14.713 3.182 16.193 8.863
15.711 6.287 18.497 2.921 9.346
17.108 1.013 0.685 3.684 12.895
14.408 6.436 5.905 0.032 12.229
5.729 15.120 14.659 0.717 0.625
7.189 1.622 1.088 8.807 2.815
15.097 20.087 18.441 2.708 2.039
7.668 6.772 17.007 13.496 2.253
12.600 2.819 13.406 11.928 6.964
9.045 13.338 10.850 2.475 1.531
2.274 3.459 5.482 9.971 8.207
3.298 11.403 2.951 0.908 2.265
0.139 7.985 1.290 19.655 21.512
6.740 10.499 7.202 2.465 7.687
2.588 8.364 0.473 9.041 5.206
4.863 11.706 5.542 12.427 14.257
23.555 16.669 5.240 7.849 6.672
6.505 3.835 20.420 2.269 5.742
7.536 0.047 25.115 0.238 8.448
5.159 11.222 17.818 2.594 2.075
0.976 0.037 8.778 5.874 7.301
9.508 10.595 0.929 0.442 17.878
3.508 8.005 1.782 0.168 17.645
5.989 13.852 3.617 8.386 14.005
3.159 2.396 4.511 14.592 8.627
11.436 12.267 1.162 5.161 7.603
2.031 4.131 13.518 7.448 8.839
8.827 4.077 2.846 0.347 0.433
4.734 3.156 2.964 16.534 13.170
2.116 9.435 0.643 10.183 15.884
4.280 11.704 10.670 1.005 22.523
6.756 31.271 6.354 2.058 6.696
2.660 12.310 0.866 10.641 1.218
15.037 4.701 5.441 0.870 10.976
8.347 2.845 1.372 5.785 7.112
3.778 26.280 1.997 1.034 13.426
16.019 15.322 4.888 13.947 11.475
8.028 2.140 25.291 5.566 2.364
1.884 17.864 15.550 4.140 0.629
5.775 6.328 7.505 25.073 12.625
11.113 3.744 1.227 24.708 4.094
2.256 6.873 15.070 1.812 3.125
5.447 5.969 11.221 4.316 3.229
3.238 26.974 20.360 9.783 3.394
11.913 4.863 2.724 17.597 2.851
8.838 0.793 3.665 5.322 15.295
2.355 6.437 2.607 23.454 2.328
2.324 1.096 17.992 2.190 2.019
0.299 0.684 7.825 5.226 5.988
17.729 6.593 5.389 14.938 1.775
22.786 28.514 2.037 14.987 5.431
9.136 3.334 1.326 10.085 2.816
6.990 8.934 16.730 0.436 3.036
5.883 2.622 17.394 1.613 0.438
16.286 6.623 8.473 19.962 10.280
0.470 10.092 15.349 5.722 17.430
1.926 14.039 4.618 1.094 6.041
11.407 6.557 5.488 1.846 0.871
2.015 1.203 12.041 5.295 2.266
1.921 0.545 2.371 7.949 13.953
17.166 2.594 19.945 1.433 3.341
6.957 4.950 4.896 1.858 5.123
6.753 25.798 12.184 1.837 3.246
0.793 8.760 15.254 6.730 13.297
3.460 0.773 5.939 13.815 11.994
0.217 2.631 1.751 15.728 9.078
6.950 2.425 1.148 0.956 1.062
12.528 5.308 0.928 12.689 4.692
6.934 1.200 5.289 11.494 4.033
5.820 7.203 3.620 1.674 6.023
7.261 7.351 1.194 0.038 12.827
7.420 7.691 22.947 3.942 18.552
3.006 8.556 1.564 2.722 2.892
0.904 15.364 13.731 1.846 2.864
0.127 2.937 9.142 10.570 1.646
7.977 2.061 11.647 6.363 12.005
8.743 7.007 15.531 2.326 1.819
2.453 1.248 3.636 8.406 5.455
6.108 6.819 1.915 9.890 4.958
16.421 18.184 7.018 0.062 10.116
4.673 1.098 4.932 7.183 13.529
8.268 1.843 5.455 5.375 14.844
5.882 6.874 14.402 7.394 0.142
7.504 0.400 3.664 1.535 2.494
1.869 10.934 1.036 9.249 4.883
3.388 6.303 14.382 3.314 6.743
10.559 8.388 3.397 8.306 21.003
12.186 10.894 8.442 16.662 9.712
12.267 22.456 0.035 4.257 19.059
5.991 7.527 6.378 15.771 8.885
2.081 6.754 11.661 17.229 2.230
2.694 5.570 1.843 14.132 9.377
7.351 21.622 0.848 4.787 2.177
21.680 1.254 19.693 1.894 4.527
15.152 10.274 5.417 17.334 16.197
13.425 14.146 4.874 0.750 8.235
5.092 25.748 15.421 5.700 3.004
3.390 1.197 3.270 7.511 2.235
7.639 18.942 27.066 7.397 8.555
8.376 7.297 11.677 11.758 15.343
7.269 9.246 0.804 6.828 5.353
12.456 2.926 4.635 9.509 5.797
0.993 37.753 4.511 10.527 5.371
8.534 8.260 10.341 3.517 17.501
2.745 2.425 11.518 4.779 4.079
5.422 21.391 7.855 0.352 4.959
1.788 9.974 1.827 11.450 6.962
9.065 19.784 12.340 14.859 2.253
2.197 12.747 1.853 0.921 1.195
6.009 3.351 9.632 2.059 0.222
2.277 20.378 13.187 4.548 2.885
15.367 3.511 7.087 8.484 4.489
14.402 3.429 12.180 8.866 3.272
11.665 1.921 9.582 1.572 0.126
4.237 8.325 9.918 3.720 4.661
6.376 8.009 6.979 5.291 1.912
16.527 1.141 1.116 2.666 0.817
0.116 3.768 2.845 11.953 10.457
13.114 21.742 0.149 2.666 6.614
7.477 0.187 1.802 16.436 11.258
17.635 10.593 7.007 5.654 9.337
16.779 4.914 10.899 5.851 2.612
1.252 14.621 19.534 22.159 11.312
12.499 4.294 0.086 1.569 8.693
3.158 14.223 1.195 1.797 6.003
8.226 2.398 20.039 9.266 17.915
1.857 11.534 10.715 0.162 11.686
4.256 11.017 0.095 0.465 1.993
4.058 3.694 7.322 28.656 1.693
7.550 12.903 23.807 2.131 13.586
6.065 11.835 2.817 1.012 1.545
0.780 3.019 2.238 0.621 7.637
14.379 8.359 6.099 4.128 5.135
0.809 9.952 2.488 6.481 5.947
7.674 8.790 6.378 1.991 2.433
15.503 8.273 1.611 7.922 0.548
22.214 20.859 1.746 10.036 7.985
6.650 0.538 1.874 6.069 0.849
2.506 0.193 14.943 2.697 3.952
5.030 13.321 14.635 2.248 9.279
4.662 15.148 7.848 0.615 11.837
8.969 7.811 0.916 18.540 10.522
2.800 26.644 5.525 6.873 7.126
2.263 2.688 2.294 13.939 12.873
6.013 12.919 10.748 7.381 7.762
2.159 0.335 2.823 10.328 6.754
17.364 18.675 13.924 18.977 9.238
13.087 3.160 12.320 9.299 15.263
0.724 1.768 11.052 1.858 8.429
4.326 6.637 6.427 5.945 4.573
5.021 0.314 6.902 11.129 11.098
4.643 6.493 13.192 3.992 15.838
9.730 11.764 4.239 1.840 12.212
3.816 2.611 0.062 2.167 0.633
3.442 6.873 6.857 10.541 15.228
6.919 7.357 11.979 3.611 2.135
1.957 2.311 6.011 6.647 0.735
1.200 15.362 4.280 4.444 10.867
0.239 7.208 16.414 13.461 12.000
4.100 3.056 8.202 4.973 6.347
25.949 10.553 3.034 16.447 19.064
0.867 10.290 0.889 10.531 11.850
19.912 5.164 0.496 0.345 0.269
9.138 4.094 8.863 9.596 9.954
1.442 6.383 7.523 7.375 10.682
0.114 9.224 3.461 7.940 5.222
3.175 0.522 11.960 7.944 4.714
19.730 18.839 8.040 11.728 26.754
5.664 12.367 2.743 5.836 19.172
4.822 15.096 19.579 25.141 2.962
11.205 2.032 11.928 0.433 4.129
17.047 14.540 5.887 2.647 1.709
4.065 10.502 14.461 11.564 4.170
0.675 10.557 16.509 15.650 1.310
5.020 17.783 3.277 6.641 1.472
4.817 0.097 3.548 16.377 2.849
1.641 2.049 3.608 1.885 13.894
6.271 15.519 12.622 4.422 5.975
1.882 6.243 5.494 15.596 8.943
5.934 20.474 18.855 2.004 0.338
3.290 5.494 16.710 6.693 13.460
2.112 21.037 22.563 4.210 1.497
9.399 2.304 12.203 11.510 1.687
0.317 0.141 2.322 9.960 7.815
9.817 1.062 16.065 1.024 15.821
5.337 17.823 0.337 8.503 3.626
9.213 4.006 11.820 1.976 3.022
0.947 8.952 9.351 10.450 7.612
13.269 8.977 2.900 24.269 5.012
3.710 10.600 16.761 2.863 5.530
14.489 10.252 0.802 3.051 27.465
1.014 19.982 4.242 7.636 2.401
22.380 2.494 8.689 0.883 26.305
10.630 11.384 5.041 2.488 11.211
16.586 2.363 13.859 2.121 3.410
6.222 2.277 4.604 7.157 10.038
8.547 5.654 10.707 11.356 4.380
0.934 0.356 12.477 5.172 10.589
9.785 0.284 1.104 14.858 6.316
4.893 3.361 6.878 9.253 0.197
3.236 5.483 14.412 8.554 5.691
1.919 7.092 7.147 12.299 3.046
6.465 4.005 20.941 2.756 8.535
6.403 4.882 10.091 4.309 2.635
22.853 4.129 15.085 10.148 5.710
6.630 8.405 7.538 2.672 1.300
2.975 2.895 3.955 0.031 1.708
13.615 7.587 0.696 3.931 10.466
0.858 9.002 11.427 0.188 8.756
3.071 2.102 9.512 3.622 1.819
7.950 5.222 5.649 21.733 2.251
6.074 13.354 10.834 5.930 18.070
3.120 10.027 17.480 5.559 9.470
12.233 6.830 13.311 16.896 14.176
4.292 3.850 0.064 1.644 4.750
4.404 4.440 17.747 9.162 14.513
8.781 20.261 8.973 10.980 3.486
1.202 2.721 10.092 1.499 1.076
0.924 10.346 12.345 14.771 14.815
12.165 9.789 18.743 1.788 6.109
2.020 6.568 3.412 10.241 9.263
9.153 2.055 9.620 9.422 5.696
0.176 2.401 20.464 1.300 14.598
2.915 15.203 21.185 5.385 8.663
2.163 6.253 10.112 1.997 2.977
0.512 9.604 2.577 20.048 3.675
1.004 10.490 8.128 10.025 10.311
14.538 5.679 3.313 5.001 2.526
23.997 7.768 11.918 2.310 10.220
4.610 20.897 3.289 5.523 12.352
0.014 6.067 4.923 1.980 2.663
1.253 0.550 9.304 6.999 12.812
7.580 12.226 6.407 3.482 1.268
1.117 11.504 5.256 4.918 8.915
13.193 8.194 14.233 10.335 0.359
4.750 13.839 2.588 17.432 15.473
11.850 18.183 19.749 8.772 0.024
11.907 3.096 4.945 2.342 7.119
13.736 8.033 10.213 7.687 9.007
1.127 12.042 3.004 10.715 7.628
0.227 10.956 3.732 3.350 7.558
6.137 6.197 28.321 2.122 13.905
0.963 10.788 4.544 9.037 6.584
0.160 22.012 7.752 14.004 12.256
11.486 6.278 12.229 13.128 2.249
2.748 17.479 13.189 4.396 14.857
8.591 6.806 9.194 7.549 22.171
3.401 12.961 15.396 4.069 0.500
7.654 2.615 13.344 5.489 8.932
3.377 31.139 3.990 7.232 21.973
3.257 4.910 24.271 8.848 21.491
13.814 13.900 26.147 2.678 23.701
1.278 18.427 7.422 33.385 3.259
0.008 0.528 10.550 3.935 6.087
21.370 7.603 0.752 9.453 0.475
21.740 4.750 5.347 8.162 1.479
1.470 1.593 5.172 3.884 9.498
18.974 14.594 2.590 1.504 3.811
6.592 10.969 0.814 6.113 2.912
1.048 1.619 2.209 8.353 6.874
13.154 1.481 1.899 19.600 2.740
20.507 0.832 2.813 8.242 7.602
7.448 8.834 31.879 1.922 18.624
8.151 2.814 5.359 1.117 7.214
0.446 11.357 0.365 5.154 10.421
17.343 13.866 3.937 9.406 3.333
2.763 4.010 2.500 3.862 0.341
6.697 11.996 1.348 0.189 4.954
0.769 25.636 1.627 7.976 10.913
7.416 2.224 10.661 7.984 1.849
8.690 4.141 2.600 8.416 2.957
1.127 11.708 0.078 8.537 0.421
6.446 6.480 17.582 0.015 9.861
0.459 5.497 2.643 11.141 1.076
8.829 9.781 10.810 2.800 3.391